a=[3.6820659999999998        29.949303000000000        29.123540999999999     ];
b=[-8.84368601163934911E-003 -7.34162801718418138E-003     8.33467301569010624E-003];
a*b'
